2,\N
3,192.92035398230087
4,37.38317757009346
5,\N
6,\N
7,\N
9,\N
13,0.0
14,3.75
15,\N
16,6.493506493506493
17,0.0
18,0.0
20,\N
22,0.0
23,41.66666666666667
24,\N
25,\N
26,0.0
27,\N
31,0.0
32,1.834862385321101
35,\N
36,0.0
37,0.0
38,36.84210526315789
39,6.722689075630252
40,0.0
41,\N
43,3.4722222222222223
44,0.7352941176470588
45,1.4388489208633095
46,10.0
47,0.0
49,19.84732824427481
50,0.0
51,51.2396694214876
52,12.844036697247708
53,28.07017543859649
54,63.06306306306306
56,37.27272727272727
61,12.711864406779661
63,6.896551724137931
64,33.91304347826087
65,46.902654867256636
66,\N
72,0.7874015748031495
73,0.0
74,0.7042253521126761
75,0.0
76,30.456852791878177
77,4.026845637583892
80,6.015037593984962
84,0.0
87,\N
89,0.0
91,10.95890410958904
92,0.0
97,0.0
98,0.0
99,123.44827586206897
100,0.0
101,\N
103,\N
105,\N
106,10.666666666666668
110,\N
111,\N
112,11.627906976744185
118,0.0
119,\N
120,0.0
121,\N
122,\N
127,40.476190476190474
129,11.11111111111111
130,40.909090909090914
133,\N
134,46.808510638297875
135,28.57142857142857
141,\N
143,0.0
144,\N
145,0.0
146,0.0
152,\N
153,0.0
154,\N
155,12.5
156,13.88888888888889
158,0.0
159,11.214953271028037
163,\N
164,0.0
165,10.576923076923077
166,0.0
169,0.0
171,\N
173,0.0
174,\N
181,0.0
183,\N
185,0.0
186,18.181818181818183
187,0.0
188,2.547770700636943
189,0.0
190,3.3112582781456954
191,\N
193,4.516129032258064
195,\N
196,0.0
197,0.0
198,0.0
201,0.0
204,4.40251572327044
205,0.0
206,\N
207,\N
209,\N
220,\N
221,0.0
222,21.73913043478261
225,283.33333333333337
226,0.0
227,11.11111111111111
228,8.16326530612245
230,0.0
233,\N
238,\N
239,0.0
240,2.4691358024691357
242,3.4482758620689653
243,10.112359550561797
244,0.0
245,\N
248,0.0
249,9.30232558139535
250,12.5
251,4.545454545454546
252,103.89610389610388
253,\N
254,0.0
257,10.576923076923077
261,\N
262,0.0
265,0.0
266,\N
267,5.555555555555555
269,0.0
270,0.0
272,8.771929824561402
275,\N
276,0.0
278,\N
280,\N
281,0.0
286,2.2388059701492535
287,23.18840579710145
289,\N
292,\N
295,\N
296,0.0
297,0.0
300,\N
303,0.0
304,0.0
306,12.435233160621761
307,10.0
309,0.0
310,0.0
314,12.121212121212121
315,0.0
317,0.0
318,9.615384615384617
321,\N
323,4.901960784313726
324,18.81188118811881
326,0.0
327,\N
330,0.0
333,\N
334,\N
336,0.0
338,\N
342,12.941176470588237
343,15.217391304347828
346,\N
347,50.495049504950494
349,\N
350,21.666666666666668
351,0.0
355,13.513513513513514
356,\N
359,\N
360,20.588235294117645
362,4.3478260869565215
363,6.944444444444445
367,15.909090909090908
368,23.595505617977526
369,7.777777777777778
371,41.17647058823529
378,\N
379,0.0
380,\N
383,\N
385,35.75757575757576
386,21.311475409836063
387,80.0
392,11.042944785276074
393,18.994413407821227
394,0.0
396,\N
398,2.2222222222222223
399,\N
401,8.717948717948717
404,3.278688524590164
405,0.0
407,7.5
410,7.563025210084033
411,0.0
412,\N
413,13.537117903930133
415,0.0
416,0.0
417,\N
420,\N
422,\N
423,\N
424,0.0
429,0.0
430,0.0
432,8.333333333333332
441,0.0
442,\N
445,0.0
446,\N
448,86.0655737704918
450,100.95238095238095
451,122.77227722772277
452,35.53719008264463
454,148.71794871794873
456,99.10714285714286
457,7.766990291262135
459,10.0
460,12.380952380952381
462,1.9047619047619049
464,1.8181818181818181
467,\N
468,18.96551724137931
470,14.035087719298245
474,182.45614035087718
475,32.758620689655174
478,41.81818181818181
479,18.181818181818183
480,0.0
481,\N
482,47.16981132075472
484,9.803921568627452
489,149.18032786885246
490,89.0909090909091
497,19.298245614035086
499,52.94117647058824
500,10.38961038961039
501,65.67164179104478
504,91.52542372881356
506,100.0
507,9.933774834437086
508,\N
517,2.0202020202020203
519,\N
520,\N
521,\N
524,3.6458333333333335
525,\N
530,\N
533,29.245283018867923
534,19.753086419753085
536,0.0
539,\N
540,2.051282051282051
541,4.830917874396135
543,4.878048780487805
545,\N
546,24.870466321243523
547,\N
548,\N
549,40.4040404040404
552,5.913978494623656
558,1.2048192771084338
561,40.331491712707184
565,\N
566,2.3391812865497075
567,\N
568,0.0
572,\N
574,1.4851485148514851
575,3.7209302325581395
576,0.0
577,0.0
581,0.0
582,2.3696682464454977
584,4.854368932038835
585,19.545454545454547
586,6.451612903225806
587,29.68036529680365
589,15.813953488372093
590,12.149532710280374
591,4.30622009569378
593,5.445544554455446
594,13.777777777777779
595,29.381443298969074
599,\N
600,\N
601,\N
602,2.8301886792452833
603,107.89473684210526
608,0.0
609,20.0
613,\N
614,2.6785714285714284
616,25.581395348837212
620,2.197802197802198
623,40.88050314465409
624,0.0
625,4.320987654320987
629,0.0
630,22.61904761904762
632,6.875000000000001
633,18.902439024390244
635,9.316770186335404
642,\N
643,\N
644,0.0
645,9.274193548387096
646,2.232142857142857
647,6.995884773662551
648,5.194805194805195
649,7.377049180327869
650,10.330578512396695
651,11.20331950207469
654,4.824561403508771
655,7.9831932773109235
656,7.048458149779736
658,\N
662,\N
667,\N
668,6.329113924050633
673,5.769230769230769
674,1.9867549668874174
675,1.3071895424836601
677,1.910828025477707
679,\N
680,\N
681,\N
683,\N
684,9.375
685,3.4782608695652173
687,1.550387596899225
688,6.299212598425196
691,0.0
692,27.27272727272727
698,76.16580310880829
700,9.67741935483871
701,\N
704,\N
708,\N
710,\N
711,0.0
712,14.130434782608695
713,14.124293785310735
715,12.865497076023392
716,8.928571428571429
720,\N
723,10.975609756097562
725,\N
726,0.0
730,20.161290322580644
735,4.0
740,0.0
741,1.9230769230769231
745,6.25
746,\N
749,11.504424778761061
750,7.142857142857142
753,49.2063492063492
754,25.423728813559322
758,36.92307692307693
759,\N
760,25.0
761,24.390243902439025
764,0.0
765,53.96825396825397
766,\N
769,4.761904761904762
771,0.0
772,0.0
773,\N
775,61.904761904761905
776,51.63043478260869
779,18.579234972677597
782,7.0588235294117645
783,56.375838926174495
785,21.59090909090909
788,14.507772020725387
789,12.903225806451612
790,2.197802197802198
791,0.0
792,\N
793,0.0
796,23.88059701492537
797,119.23076923076923
798,\N
800,9.58904109589041
802,2.0202020202020203
804,10.552763819095476
805,7.1065989847715745
806,2.941176470588235
808,4.639175257731959
811,\N
812,27.536231884057973
815,0.0
819,60.0
821,86.04651162790698
824,80.68181818181817
827,\N
831,60.0
832,15.555555555555555
833,\N
834,0.0
839,12.5
840,3.7735849056603774
843,6.211180124223603
844,4.878048780487805
847,87.5
848,116.43835616438356
849,\N
851,\N
852,0.0
854,0.0
855,\N
857,14.754098360655737
858,0.0
859,1.9230769230769231
860,4.587155963302752
861,\N
863,\N
864,29.66101694915254
865,\N
866,65.09433962264151
868,0.0
869,8.411214953271028
870,35.26011560693642
871,\N
873,0.0
875,0.0
878,0.0
879,0.0
891,83.75
892,0.0
894,12.345679012345679
895,1.1904761904761905
896,0.0
901,12.686567164179104
902,122.83464566929135
906,48.484848484848484
909,7.6923076923076925
911,4.545454545454546
913,39.784946236559136
917,\N
919,48.97959183673469
920,0.0
923,80.8080808080808
928,\N
929,5.319148936170213
930,0.0
935,0.0
937,0.0
938,\N
947,\N
948,\N
949,0.0
950,0.0
954,\N
955,23.91304347826087
956,\N
957,\N
959,\N
961,\N
963,2.2222222222222223
967,5.64516129032258
968,26.229508196721312
971,\N
972,0.0
978,0.0
979,\N
980,\N
982,\N
987,\N
988,0.0
990,6.8181818181818175
991,0.0
992,20.930232558139537
994,201.78571428571428
997,0.0
998,86.48648648648648
