1,\N
8,\N
10,2.7906976744186047
11,0.9569377990430622
12,10.38961038961039
19,0.0
21,\N
28,9.448818897637794
29,\N
30,\N
33,0.0
34,0.0
42,8.441558441558442
48,2.898550724637681
55,28.440366972477065
57,22.31404958677686
58,134.5132743362832
59,55.75221238938053
60,19.81981981981982
62,103.60360360360362
67,38.05309734513274
68,13.157894736842104
69,\N
70,13.17365269461078
71,\N
78,0.0
79,\N
81,\N
82,5.47945205479452
83,0.0
85,10.27027027027027
86,46.464646464646464
88,\N
90,42.94871794871795
93,44.0251572327044
94,12.418300653594772
95,\N
96,26.143790849673206
102,5.454545454545454
104,0.0
107,0.0
108,\N
109,\N
113,18.367346938775512
114,\N
115,8.88888888888889
116,0.0
117,28.57142857142857
123,14.201183431952662
124,5.590062111801243
125,3.3112582781456954
126,11.627906976744185
128,40.816326530612244
131,4.545454545454546
132,176.08695652173913
136,2.4390243902439024
137,4.45859872611465
138,0.0
139,0.0
140,6.756756756756757
142,\N
147,0.0
148,\N
149,0.0
150,0.0
151,0.0
157,0.0
160,3.8461538461538463
161,2.7027027027027026
162,\N
167,\N
168,\N
170,11.76470588235294
172,30.909090909090907
175,\N
176,61.904761904761905
177,0.0
178,0.0
179,0.0
180,16.666666666666664
182,\N
184,0.0
192,13.461538461538462
194,8.450704225352112
199,0.0
200,0.0
202,22.758620689655174
203,0.0
208,77.63157894736842
210,0.0
211,\N
212,0.0
213,0.0
214,0.0
215,8.771929824561402
216,7.8431372549019605
217,1.8181818181818181
218,22.413793103448278
219,\N
223,0.0
224,6.976744186046512
229,\N
231,9.090909090909092
232,33.33333333333333
234,0.0
235,0.0
236,6.896551724137931
237,0.0
241,10.0
246,12.5
247,14.444444444444443
255,13.91304347826087
256,9.25925925925926
258,68.33333333333333
259,\N
260,0.0
263,\N
264,\N
268,\N
271,0.0
273,0.0
274,11.267605633802818
277,0.0
279,\N
282,\N
283,0.0
284,0.0
285,\N
288,\N
290,\N
291,0.7518796992481203
293,\N
294,\N
298,33.74233128834356
299,0.0
301,\N
302,\N
305,0.0
308,0.0
311,\N
312,10.091743119266056
313,13.592233009708737
316,2.564102564102564
319,65.2542372881356
320,0.0
322,\N
325,0.0
328,0.0
329,0.0
331,0.0
332,\N
335,0.0
337,0.0
339,0.0
340,18.6046511627907
341,0.0
344,\N
345,\N
348,0.0
352,0.0
353,0.0
354,0.0
357,0.0
358,\N
361,16.822429906542055
364,10.81081081081081
365,\N
366,7.865168539325842
370,15.555555555555555
372,15.053763440860216
373,\N
374,7.865168539325842
375,\N
376,0.0
377,11.494252873563218
381,1.2195121951219512
382,7.954545454545454
384,16.402116402116402
388,16.0427807486631
389,\N
390,10.152284263959391
391,\N
395,0.0
397,0.0
400,0.0
402,18.023255813953487
403,0.0
406,24.358974358974358
408,9.63855421686747
409,8.097165991902834
414,0.0
418,0.0
419,\N
421,0.0
425,\N
426,0.0
427,0.0
428,0.0
431,0.0
433,0.0
434,0.0
435,0.0
436,0.0
437,0.0
438,0.0
439,0.0
440,2.564102564102564
443,21.951219512195124
444,0.0
447,4.587155963302752
449,20.5607476635514
453,0.8849557522123894
455,53.57142857142857
458,13.445378151260504
461,0.0
463,29.72972972972973
465,25.0
466,0.0
469,15.384615384615385
471,37.28813559322034
472,36.7816091954023
473,4.081632653061225
476,14.516129032258066
477,0.0
483,0.0
485,0.0
486,5.769230769230769
487,0.0
488,135.3846153846154
491,221.66666666666669
492,0.0
493,1243.5483870967741
494,176.19047619047618
495,\N
496,53.94736842105263
498,0.0
502,128.94736842105263
503,\N
505,22.22222222222222
509,5.960264900662252
510,\N
511,6.0402684563758395
512,\N
513,\N
514,4.477611940298507
515,\N
516,3.1413612565445024
518,4.102564102564102
522,0.0
523,\N
526,7.1065989847715745
527,\N
528,0.0
529,0.0
531,4.5
532,5.263157894736842
535,2.5380710659898478
537,4.901960784313726
538,2.4630541871921183
542,7.804878048780488
544,2.912621359223301
550,0.0
551,15.384615384615385
553,1.7341040462427744
554,16.94915254237288
555,\N
556,22.429906542056074
557,3.8461538461538463
559,8.045977011494253
560,1.1494252873563218
562,0.0
563,15.340909090909092
564,11.176470588235295
569,0.0
570,4.854368932038835
571,17.872340425531917
573,\N
578,0.0
579,17.050691244239633
580,29.27927927927928
583,10.091743119266056
588,15.837104072398189
592,21.91780821917808
596,16.071428571428573
597,0.0
598,\N
604,0.0
605,\N
606,7.079646017699115
607,\N
610,\N
611,\N
612,0.0
615,23.809523809523807
617,0.0
618,\N
619,\N
621,3.5294117647058822
622,18.823529411764707
626,39.24050632911392
627,0.0
628,12.101910828025478
631,1.8518518518518516
634,2.5
636,\N
637,2.0
638,\N
639,0.0
640,\N
641,10.555555555555555
652,22.36842105263158
653,6.779661016949152
657,1.8181818181818181
659,12.831858407079647
660,3.619909502262444
661,\N
663,4.516129032258064
664,10.909090909090908
665,9.937888198757763
666,14.102564102564102
669,0.0
670,10.06711409395973
671,3.870967741935484
672,6.134969325153374
676,5.263157894736842
678,\N
682,5.223880597014925
686,0.0
689,3.149606299212598
690,\N
693,0.0
694,17.010309278350515
695,42.32558139534884
696,9.947643979057592
697,54.08163265306123
699,11.538461538461538
702,16.483516483516482
703,48.660714285714285
705,\N
706,49.717514124293785
707,53.645833333333336
709,28.49162011173184
714,4.761904761904762
717,\N
718,23.170731707317074
719,8.484848484848486
721,7.602339181286549
722,3.048780487804878
724,6.211180124223603
727,0.0
728,0.0
729,10.077519379844961
731,3.2
732,0.0
733,0.7874015748031495
734,56.451612903225815
736,5.511811023622047
737,\N
738,5.769230769230769
739,14.285714285714285
742,4.424778761061947
743,11.023622047244094
744,7.894736842105263
747,0.0
748,11.403508771929824
751,7.142857142857142
752,\N
755,15.254237288135593
756,40.0
757,26.666666666666668
762,\N
763,12.727272727272727
767,46.875
768,0.0
770,\N
774,4.145077720207254
777,95.23809523809523
778,1.675977653631285
780,27.403846153846157
781,27.380952380952383
784,0.0
786,33.86243386243386
787,0.0
794,46.808510638297875
795,3.0303030303030303
799,0.0
801,0.0
803,8.49056603773585
807,7.511737089201878
809,8.415841584158416
810,11.650485436893204
813,32.58426966292135
814,0.0
816,\N
817,29.213483146067414
818,16.9811320754717
820,53.75
822,158.6206896551724
823,\N
825,10.975609756097562
826,\N
828,9.411764705882353
829,48.45360824742268
830,0.0
835,7.142857142857142
836,1.5873015873015872
837,\N
838,\N
841,0.0
842,\N
845,\N
846,11.29032258064516
850,\N
853,\N
856,0.0
862,25.0
867,23.25581395348837
872,19.047619047619047
874,0.0
876,5.3097345132743365
877,\N
880,\N
881,0.9090909090909091
882,3.6036036036036037
883,16.51376146788991
884,1.694915254237288
885,0.9009009009009009
886,0.0
887,21.176470588235293
888,20.98765432098765
889,0.0
890,0.0
893,0.0
897,28.87323943661972
898,\N
899,26.05042016806723
900,38.983050847457626
903,14.40677966101695
904,5.128205128205128
905,27.81456953642384
907,29.565217391304348
908,62.10526315789474
910,3.225806451612903
912,32.8125
914,0.0
915,250.90909090909093
916,30.612244897959183
918,31.0
921,35.294117647058826
922,78.0
924,86.27450980392157
925,105.12820512820514
926,6.382978723404255
927,104.04040404040404
931,0.0
932,9.70873786407767
933,214.1304347826087
934,12.121212121212121
936,9.615384615384617
939,0.0
940,28.947368421052634
941,\N
942,\N
943,0.0
944,\N
945,0.0
946,0.0
951,\N
952,1.5384615384615385
953,12.878787878787879
958,\N
960,23.809523809523807
962,\N
964,0.0
965,8.333333333333332
966,\N
969,4.918032786885246
970,0.0
973,5.555555555555555
974,4.878048780487805
975,0.0
976,\N
977,\N
981,\N
983,\N
984,0.0
985,\N
986,\N
989,0.0
993,23.684210526315788
995,125.0
996,27.27272727272727
999,0.0
1000,56.41025641025641
